<?xml version="1.0"?>
<opencv_storage>
<intrinsic_matrix type_id="opencv-matrix">
  <rows>3</rows>
  <cols>3</cols>
  <dt>d</dt>
  <data>
    7.4482188579940964e+02 0. 9.6455140986335459e+02 0.
    7.4632627397764088e+02 7.2659506044393277e+02 0. 0. 1.</data></intrinsic_matrix>
<distortion_coeffs type_id="opencv-matrix">
  <rows>4</rows>
  <cols>1</cols>
  <dt>d</dt>
  <data>
    3.8613624733410236e-03 -6.3181023042829132e-02
    8.8502161867649379e-02 -4.8217806721872654e-02</data></distortion_coeffs>
<rotation_vectors>
  -2.4034430254311134e+00 -1.6922698699571046e+00
  -3.0603659373628728e-01 -2.4229993487936272e+00
  -1.6313560934301397e+00 -3.2506025627594570e-01
  -2.6621694460489027e+00 -1.2947879706346632e+00
  -2.6528602792428857e-01 -1.3006876502467617e+00
  -2.6907600989420608e+00 -4.7668836819397689e-03
  -1.4726298343902546e+00 -2.6810261165171601e+00
  -8.6159067768234773e-02 -2.2962426323374538e+00
  -1.1143361216996117e+00 -1.1303089530196411e+00 1.7286195635605264e+00
  2.3200047466378941e+00 -6.9444608857103396e-01 1.6837539593495348e+00
  2.5114394360996317e+00 -5.6969978256414422e-01</rotation_vectors>
<translation_vectors>
  -8.1168336585933304e+01 -5.2565653636196465e+01 1.5253723136306209e+02
  -8.0167475243579091e+01 -6.3108151571265431e+01 1.5231095930544060e+02
  -1.6318403269621584e+02 -2.4164294371976197e+01 1.5166570439440315e+02
  3.2261585613692141e+01 -1.4399413884718899e+02 1.3533600899736922e+02
  -9.0832689243495736e+01 -1.0290198027486004e+02 1.5627345251264029e+02
  -7.6636995665160782e+01 -5.6383736120014465e+00 9.6230492061215372e+01
  -8.5992332026636547e+01 -1.2537912613237938e+02 2.3100126191661971e+02
  -1.1678586961789944e+02 -1.0598937812597177e+02 2.1766440492698510e+02</translation_vectors>
<image_size>
  1920 1080</image_size>
</opencv_storage>
